id sex job religion edu life salary
 1  1  1 3   7.0   110
 2  1  1 4   12.0  135
 3  2  3 5   8.5   127
 4  2  3 5   5.0   150
 5  1  3 3   4.5   113
 6  1  1 2   3.5   95
 7  1  2 4   4.0   102
 8  2  2 4   4.0   122
 9  2  3 4   4.5   110
10  1  3 5   17.0  200
11  2  2 3   3     130
12  1  1 2   2     105
13  1  1 1   1     130
14  1  1 5   5     150
15  1  1 4   4     110
16  2  2 4   4      88
17  1  1 4   4     138
18  2  2 5   5     110
19  1  1 3   3      85
20  1  1 4   4     110
21  1  1 4   4      95
22 1  1 3    3      88